Dados_linha = [ 1 2 0.02 0.06 0.03  1 0
                1 4 0.01 0.03 0.02  1 0
                2 3 0.01 0.03 0.015 1 0
                2 4 0.01 0.03 0.02  1 0
                2 5 0.02 0.06 0.03  1 0
                3 5 0.01 0.03 0.02  1 0
                4 5 0.01 0.03 0.02  1 0
                4 6 0.02 0.06 0.03  1 0
                5 7 0.02 0.06 0.025 1 0
                6 7 0.01 0.03 0.02  1 0];


Dados_Barra = [ 1 1 1.06 0  1.50  0
                2 2 1.045 0  0.2  -0.1
                3 2 1.01 0  0.15 -0.15
                4 3 1    0 -0.4  -0.25
                5 3 1    0 -0.6  -0.30
                6 3 1    0 -0.5  -0.20
                7 3 1    0 -0.6  -0.25];



--------------------------------------------Distribuição-----------------------------


function [Dados_barra,Dados_linha]=dados34;
%Nós   Pgen Qgen P_carga(MW)   Q_carga(MW) Bpu QVmax QVmin V1  Teta1 Cod Envt Rect Xt  Tap 
Dados_barra=[ 1     0   0   0       0       0   0   0   1   0   1   0   0   0   0;
              2     0   0   0.2300  0.1425  0   0   0   1   0   3   0   0   0   0;
              3     0   0   0       0       0   0   0   1   0   3   0   0   0   0;
              4     0   0   0.2300  0.1425  0   0   0   1   0   3   0   0   0   0;
              5     0   0   0.2300  0.1425  0   0   0   1   0   3   0   0   0   0;
              6     0   0   0       0       0   0   0   1   0   3   0   0   0   0;
              7     0   0   0       0       0   0   0   1   0   3   0   0   0   0;
              8     0   0   0.2300  0.1425  0   0   0   1   0   3   0   0   0   0;
              9     0   0   0.2300  0.1425  0   0   0   1   0   3   0   0   0   0;
              10    0   0   0       0       0   0   0   1   0   3   0   0   0   0;
              11    0   0   0.2300  0.1425  0   0   0   1   0   3   0   0   0   0;
              12    0   0   0.1370  0.0840  0   0   0   1   0   3   0   0   0   0;
              13    0   0   0.0720  0.0450  0   0   0   1   0   3   0   0   0   0;
              14    0   0   0.0720  0.0450  0   0   0   1   0   3   0   0   0   0;
              15    0   0   0.0720  0.0450  0   0   0   1   0   3   0   0   0   0;
              16    0   0   0.0135  0.0075  0   0   0   1   0   3   0   0   0   0;
              17    0   0   0.2300  0.1425  0   0   0   1   0   3   0   0   0   0;
              18    0   0   0.2300  0.1425  0   0   0   1   0   3   0   0   0   0;
              19    0   0   0.2300  0.1425  0   0   0   1   0   3   0   0   0   0;
              20    0   0   0.2300  0.1425  0   0   0   1   0   3   0   0   0   0;
              21    0   0   0.2300  0.1425  0   0   0   1   0   3   0   0   0   0;
              22    0   0   0.2300  0.1425  0   0   0   1   0   3   0   0   0   0;
              23    0   0   0.2300  0.1425  0   0   0   1   0   3   0   0   0   0;
              24    0   0   0.2300  0.1425  0   0   0   1   0   3   0   0   0   0;
              25    0   0   0.2300  0.1425  0   0   0   1   0   3   0   0   0   0;
              26    0   0   0.2300  0.1425  0   0   0   1   0   3   0   0   0   0;
              27    0   0   0.1370  0.0850  0   0   0   1   0   3   0   0   0   0;
              28    0   0   0.0750  0.0480  0   0   0   1   0   3   0   0   0   0;
              29    0   0   0.0750  0.0480  0   0   0   1   0   3   0   0   0   0;
              30    0   0   0.0750  0.0480  0   0   0   1   0   3   0   0   0   0;
              31    0   0   0.0570  0.0375  0   0   0   1   0   3   0   0   0   0;
              32    0   0   0.0570  0.0375  0   0   0   1   0   3   0   0   0   0;
              33    0   0   0.0570  0.0375  0   0   0   1   0   3   0   0   0   0;
              34    0   0   0.0570  0.0375  0   0   0   1   0   3   0   0   0   0];    
 
% Env Rec Rs      Xs      Capacidade  Ysh2 
Dados_linha=[ 1     2   0.1170  0.0480  100 0;
              2     3   0.1073  0.0440  100 0;
              3     4   0.1645  0.0457  100 0;
              4     5   0.1495  0.0415  100 0;
              5     6   0.1495  0.0415  100 0;
              6     7   0.3144  0.0540  100 0;
              7     8   0.2096  0.0360  100 0;
              8     9   0.3144  0.0540  100 0;
              9     10  0.2096  0.0360  100 0;
              10    11  0.1310  0.0225  100 0;
              11    12  0.1048  0.0180  65  0;
              3     13  0.1572  0.0270  80  0;
              13    14  0.2096  0.0360  65  0;
              14    15  0.1048  0.0180  65  0;
              15    16  0.0524  0.0090  130 0;
              6     17  0.1794  0.0498  130 0;
              17    18  0.1645  0.0457  130 0;
              18    19  0.2079  0.0473  65  0;
              19    20  0.1890  0.0430  80  0;
              20    21  0.1890  0.0430  65  0;
              21    22  0.2620  0.0450  65  0;
              22    23  0.2620  0.0450  130 0;
              23    24  0.3144  0.0540  130 0;
              24    25  0.2096  0.0360  65  0;
              25    26  0.1310  0.0225  80  0;
              26    27  0.1048  0.0180  65  0;
              7     28  0.1572  0.0270  65  0;
              28    29  0.1572  0.0270  130 0;
              29    30  0.1572  0.0270  130 0;
              10    31  0.1572  0.0270  65  0;
              31    32  0.2096  0.0360  65  0;
              32    33  0.1572  0.0270  130 0;
              33    34  0.1048  0.0180  130 0];
end

